defects:
  - x: 3.31472
    y: 5.30317
    type: Red Defect
    severity: 5
